{
    "Accuracy": 0.7829383886255924,
    "Precision": 0.5859766277128547,
    "Recall": 0.6256684491978609,
    "Specificity": 0.8398967075532602,
    "F1 Score": 0.6051724137931034,
    "FPR": 0.16010329244673982,
    "FDR": 0.41402337228714525,
    "FNR": 0.37433155080213903,
    "MCC": 0.4561860137546078
}